50 1.0 41.3605674677 25.3663672746 89.3535068965 37.044097797 83.0209615712 89.4672342411
50 3.0 4.10093297134 2.51509537437 8.85947086734 3.67295159013 8.23159399071 8.87074702349
50 5.0 1.60105638306 0.981925218307 3.45885009139 1.43396700925 3.21371897412 3.46325244615
50 10.0 0.404658285866 0.248176254061 0.874205533208 0.362427356145 0.812249977629 0.87531820441
50 15.0 0.20313609687 0.124583030539 0.43884607354 0.181936416719 0.407744746373 0.439404627987
50 20.0 0.132592459469 0.0813187349848 0.286446776893 0.118754851213 0.266146094122 0.286811360583
50 25.0 0.0998631599774 0.0612459100124 0.215739872542 0.0894412453941 0.200450237375 0.216014461908
50 30.0 0.084341550719 0.0517265328557 0.182207687061 0.0755395016189 0.169294501256 0.182439597337
50 35.0 0.0743576268729 0.045603408957 0.160638867704 0.0665975195814 0.149254279162 0.16084332562
50 40.0 0.0625141166773 0.0383398038414 0.135052681761 0.055990021261 0.125481404054 0.135224574095
50 45.0 0.0593836179706 0.0364198741884 0.128289693366 0.0531862275187 0.119197713362 0.128452977905
50 50.0 0.0559670830732 0.0343245190151 0.120908765269 0.0501262488817 0.112339876785 0.121062655511
100 1.0 58.0866118182 35.8523683272 130.443379074 51.4731585804 116.061446962 130.489952688
100 3.0 5.30689123648 3.2755330932 11.9175280429 4.70267494753 10.6035703667 11.9217830872
100 5.0 1.97121118248 1.21667604897 4.42669041043 1.74677886376 3.93862914267 4.42827091972
100 10.0 0.533314901815 0.329173998891 1.19764943634 0.472594314854 1.06560354019 1.19807704611
100 15.0 0.282458071416 0.174339499179 0.634307702391 0.25029879773 0.564372605812 0.634534176149
100 20.0 0.171022153611 0.105558734645 0.384059371258 0.151550420278 0.341715207503 0.384196496141
100 25.0 0.137212120112 0.0846904185875 0.308133183138 0.121589829336 0.274160201507 0.308243199271
100 30.0 0.111559319037 0.06885693056 0.250525449614 0.0988577288321 0.222903963309 0.250614897432
100 35.0 0.0937420996503 0.0578597404673 0.210513849183 0.0830690895875 0.187303810398 0.210589011225
100 40.0 0.0849887782118 0.0524569928379 0.190856775189 0.0753123778702 0.169814011629 0.190924918853
100 45.0 0.0785056685468 0.0484554711733 0.176297848353 0.0695674028848 0.156860267815 0.176360793886
100 50.0 0.0777375064613 0.0479813441901 0.174572809571 0.0688866999206 0.155325421826 0.174635139194
350 1.0 489.428118854 302.035189976 1681.73961258 435.704548801 985.731575543 1680.46047996
350 3.0 50.1312929072 30.9369527284 172.257738908 44.628478658 100.966815019 172.126719521
350 5.0 16.4934095263 10.1783896097 56.6735319824 14.6829601304 33.2185134694 56.6304260444
350 10.0 4.49812936501 2.77587924551 15.4561661748 4.0043784775 9.05944708764 15.4444102013
350 15.0 2.3401849888 1.44417165758 8.04118448617 2.08330744674 4.71324418685 8.03506835422
350 20.0 1.50796587386 0.930593771879 5.18156976846 1.34243940094 3.03711519515 5.17762866196
350 25.0 1.21724431885 0.75118409615 4.18261213515 1.08362978402 2.45158811687 4.1794308367
350 30.0 0.947536676735 0.584742496685 3.25586108 0.843527423751 1.90838406144 3.25338466922
350 35.0 0.804394810392 0.496406990144 2.76400673496 0.716097960901 1.62008951521 2.76190442902
350 40.0 0.804999716532 0.496780288967 2.76608527229 0.716636467674 1.62130782503 2.76398138541
350 45.0 0.701460373314 0.432884235606 2.41031042356 0.624462436224 1.41277464929 2.40847713934
350 50.0 0.65376993281 0.403453578268 2.24643977566 0.582006882361 1.31672382743 2.2447311316
400 1.0 760.200328156 466.434472703 1628.5095472 681.506223835 1537.97312621 1631.18361871
400 3.0 51.0821123157 31.3423412751 109.428665729 45.7942152619 103.345017177 109.608351552
400 5.0 18.5467520066 11.3796905528 39.7310571881 16.6268369748 37.5222229039 39.7962970192
400 10.0 5.12456087098 3.14426574044 10.9778909513 4.59407869037 10.3675789279 10.9959170448
400 15.0 2.27520248641 1.39599107332 4.87396391939 2.03967901295 4.60299759312 4.88196714422
400 20.0 1.72719002987 1.05974825451 3.70000557654 1.54839548406 3.4943050554 3.70608111936
400 25.0 1.30697969461 0.801920707096 2.79982635082 1.17168430914 2.64417098015 2.80442376683
400 30.0 0.961587905879 0.589999413607 2.05992424259 0.86204664527 1.94540347189 2.06330671261
400 35.0 0.839236907057 0.514928775636 1.79782258029 0.752361126728 1.69787326021 1.80077466992
400 40.0 0.730142590104 0.447992011315 1.56411952845 0.654559990325 1.47716284812 1.56668786922
400 45.0 0.734075144547 0.450404900247 1.57254389005 0.658085456217 1.48511886027 1.57512606393
400 50.0 0.660153328418 0.405048851256 1.41418775832 0.59181584819 1.33556648252 1.4165099057
450 1.0 1051.97655352 649.314953609 2790.88269709 945.91561143 2133.55150948 2789.64943032
450 3.0 63.4538000464 39.1657980357 168.342262022 57.0563477557 128.692935616 168.267873042
450 5.0 20.6564647313 12.7498577738 54.8013829859 18.5738668803 41.8941195606 54.7771667318
450 10.0 5.38880525178 3.32615001766 14.2964434757 4.84550249486 10.9292298776 14.2901260018
450 15.0 2.76547160911 1.70694115146 7.33676700049 2.48665501077 5.60875250148 7.33352494703
450 20.0 1.82193215835 1.12455718801 4.83356679291 1.63824380476 3.69512618283 4.83143088182
450 25.0 1.28582242108 0.793652408791 3.41127331642 1.15618499059 2.60782272974 3.40976590444
450 30.0 1.11832544703 0.690267699718 2.96690561151 1.00557516749 2.26811608834 2.96559456175
450 35.0 0.957126038258 0.590770057612 2.53924528087 0.860627985163 1.94118176575 2.53812321048
450 40.0 0.950421841837 0.586632004369 2.5214591185 0.854599710069 1.9275847437 2.52034490766
450 45.0 0.871379804995 0.537844627585 2.31176142873 0.78352674142 1.76727674401 2.31073988148
450 50.0 0.861409366796 0.53169054117 2.28530996138 0.774561529112 1.74705533946 2.2843001028
